use,tot,unit,lfb,shared,table,log_time
4837044,7512676,k,"{'nblock': 9, 'size': 4, 'unit': 'M'}",1841952,"[['Client', 'Process', 'PID', 'Size'], [{'Client': 'user', 'Process': 'python3', 'PID': '108346', 'Size': {'val': 1818428, 'unit': 'k'}}, {'Client': 'user', 'Process': 'gnome-shell', 'PID': '2116', 'Size': {'val': 5384, 'unit': 'k'}}, {'Client': 'user', 'Process': 'Xorg', 'PID': '1862', 'Size': {'val': 18140, 'unit': 'k'}}, {'Client': 'user', 'Process': 'nvargus-daemon', 'PID': '1186', 'Size': {'val': 0, 'unit': 'k'}}]]",0.447620153427124
4837044,7512676,k,"{'nblock': 9, 'size': 4, 'unit': 'M'}",1841952,"[['Client', 'Process', 'PID', 'Size'], [{'Client': 'user', 'Process': 'python3', 'PID': '108346', 'Size': {'val': 1818428, 'unit': 'k'}}, {'Client': 'user', 'Process': 'gnome-shell', 'PID': '2116', 'Size': {'val': 5384, 'unit': 'k'}}, {'Client': 'user', 'Process': 'Xorg', 'PID': '1862', 'Size': {'val': 18140, 'unit': 'k'}}, {'Client': 'user', 'Process': 'nvargus-daemon', 'PID': '1186', 'Size': {'val': 0, 'unit': 'k'}}]]",0.447620153427124
2358308,7512676,k,"{'nblock': 143, 'size': 4, 'unit': 'M'}",23524,"[['Client', 'Process', 'PID', 'Size'], [{'Client': 'user', 'Process': 'python3', 'PID': '113871', 'Size': {'val': 0, 'unit': 'k'}}, {'Client': 'user', 'Process': 'python3', 'PID': '113863', 'Size': {'val': 0, 'unit': 'k'}}, {'Client': 'user', 'Process': 'gnome-shell', 'PID': '2116', 'Size': {'val': 5384, 'unit': 'k'}}, {'Client': 'user', 'Process': 'Xorg', 'PID': '1862', 'Size': {'val': 18140, 'unit': 'k'}}, {'Client': 'user', 'Process': 'nvargus-daemon', 'PID': '1186', 'Size': {'val': 0, 'unit': 'k'}}]]",1.463608980178833
2350776,7512676,k,"{'nblock': 143, 'size': 4, 'unit': 'M'}",23524,"[['Client', 'Process', 'PID', 'Size'], [{'Client': 'user', 'Process': 'python3', 'PID': '113871', 'Size': {'val': 0, 'unit': 'k'}}, {'Client': 'user', 'Process': 'python3', 'PID': '113863', 'Size': {'val': 0, 'unit': 'k'}}, {'Client': 'user', 'Process': 'gnome-shell', 'PID': '2116', 'Size': {'val': 5384, 'unit': 'k'}}, {'Client': 'user', 'Process': 'Xorg', 'PID': '1862', 'Size': {'val': 18140, 'unit': 'k'}}, {'Client': 'user', 'Process': 'nvargus-daemon', 'PID': '1186', 'Size': {'val': 0, 'unit': 'k'}}]]",3.427008867263794
2357212,7512676,k,"{'nblock': 143, 'size': 4, 'unit': 'M'}",23524,"[['Client', 'Process', 'PID', 'Size'], [{'Client': 'user', 'Process': 'python3', 'PID': '113871', 'Size': {'val': 0, 'unit': 'k'}}, {'Client': 'user', 'Process': 'python3', 'PID': '113863', 'Size': {'val': 0, 'unit': 'k'}}, {'Client': 'user', 'Process': 'gnome-shell', 'PID': '2116', 'Size': {'val': 5384, 'unit': 'k'}}, {'Client': 'user', 'Process': 'Xorg', 'PID': '1862', 'Size': {'val': 18140, 'unit': 'k'}}, {'Client': 'user', 'Process': 'nvargus-daemon', 'PID': '1186', 'Size': {'val': 0, 'unit': 'k'}}]]",5.020256280899048
2372724,7512676,k,"{'nblock': 143, 'size': 4, 'unit': 'M'}",93616,"[['Client', 'Process', 'PID', 'Size'], [{'Client': 'user', 'Process': 'python3', 'PID': '113871', 'Size': {'val': 0, 'unit': 'k'}}, {'Client': 'user', 'Process': 'python3', 'PID': '113863', 'Size': {'val': 70092, 'unit': 'k'}}, {'Client': 'user', 'Process': 'gnome-shell', 'PID': '2116', 'Size': {'val': 5384, 'unit': 'k'}}, {'Client': 'user', 'Process': 'Xorg', 'PID': '1862', 'Size': {'val': 18140, 'unit': 'k'}}, {'Client': 'user', 'Process': 'nvargus-daemon', 'PID': '1186', 'Size': {'val': 0, 'unit': 'k'}}]]",6.498244524002075
2472592,7512676,k,"{'nblock': 143, 'size': 4, 'unit': 'M'}",155376,"[['Client', 'Process', 'PID', 'Size'], [{'Client': 'user', 'Process': 'python3', 'PID': '113871', 'Size': {'val': 0, 'unit': 'k'}}, {'Client': 'user', 'Process': 'python3', 'PID': '113863', 'Size': {'val': 131852, 'unit': 'k'}}, {'Client': 'user', 'Process': 'gnome-shell', 'PID': '2116', 'Size': {'val': 5384, 'unit': 'k'}}, {'Client': 'user', 'Process': 'Xorg', 'PID': '1862', 'Size': {'val': 18140, 'unit': 'k'}}, {'Client': 'user', 'Process': 'nvargus-daemon', 'PID': '1186', 'Size': {'val': 0, 'unit': 'k'}}]]",8.141864776611328
2571664,7512676,k,"{'nblock': 143, 'size': 4, 'unit': 'M'}",221960,"[['Client', 'Process', 'PID', 'Size'], [{'Client': 'user', 'Process': 'python3', 'PID': '113871', 'Size': {'val': 0, 'unit': 'k'}}, {'Client': 'user', 'Process': 'python3', 'PID': '113863', 'Size': {'val': 198436, 'unit': 'k'}}, {'Client': 'user', 'Process': 'gnome-shell', 'PID': '2116', 'Size': {'val': 5384, 'unit': 'k'}}, {'Client': 'user', 'Process': 'Xorg', 'PID': '1862', 'Size': {'val': 18140, 'unit': 'k'}}, {'Client': 'user', 'Process': 'nvargus-daemon', 'PID': '1186', 'Size': {'val': 0, 'unit': 'k'}}]]",9.636742353439331
2679344,7512676,k,"{'nblock': 143, 'size': 4, 'unit': 'M'}",291304,"[['Client', 'Process', 'PID', 'Size'], [{'Client': 'user', 'Process': 'python3', 'PID': '113871', 'Size': {'val': 0, 'unit': 'k'}}, {'Client': 'user', 'Process': 'python3', 'PID': '113863', 'Size': {'val': 267780, 'unit': 'k'}}, {'Client': 'user', 'Process': 'gnome-shell', 'PID': '2116', 'Size': {'val': 5384, 'unit': 'k'}}, {'Client': 'user', 'Process': 'Xorg', 'PID': '1862', 'Size': {'val': 18140, 'unit': 'k'}}, {'Client': 'user', 'Process': 'nvargus-daemon', 'PID': '1186', 'Size': {'val': 0, 'unit': 'k'}}]]",11.120649099349976
2839696,7512676,k,"{'nblock': 143, 'size': 4, 'unit': 'M'}",390648,"[['Client', 'Process', 'PID', 'Size'], [{'Client': 'user', 'Process': 'python3', 'PID': '113871', 'Size': {'val': 0, 'unit': 'k'}}, {'Client': 'user', 'Process': 'python3', 'PID': '113863', 'Size': {'val': 367124, 'unit': 'k'}}, {'Client': 'user', 'Process': 'gnome-shell', 'PID': '2116', 'Size': {'val': 5384, 'unit': 'k'}}, {'Client': 'user', 'Process': 'Xorg', 'PID': '1862', 'Size': {'val': 18140, 'unit': 'k'}}, {'Client': 'user', 'Process': 'nvargus-daemon', 'PID': '1186', 'Size': {'val': 0, 'unit': 'k'}}]]",12.825262546539307
2874968,7512676,k,"{'nblock': 143, 'size': 4, 'unit': 'M'}",506320,"[['Client', 'Process', 'PID', 'Size'], [{'Client': 'user', 'Process': 'python3', 'PID': '113871', 'Size': {'val': 0, 'unit': 'k'}}, {'Client': 'user', 'Process': 'python3', 'PID': '113863', 'Size': {'val': 482796, 'unit': 'k'}}, {'Client': 'user', 'Process': 'gnome-shell', 'PID': '2116', 'Size': {'val': 5384, 'unit': 'k'}}, {'Client': 'user', 'Process': 'Xorg', 'PID': '1862', 'Size': {'val': 18140, 'unit': 'k'}}, {'Client': 'user', 'Process': 'nvargus-daemon', 'PID': '1186', 'Size': {'val': 0, 'unit': 'k'}}]]",14.270233869552612
2957288,7512676,k,"{'nblock': 143, 'size': 4, 'unit': 'M'}",506320,"[['Client', 'Process', 'PID', 'Size'], [{'Client': 'user', 'Process': 'python3', 'PID': '115321', 'Size': {'val': 0, 'unit': 'k'}}, {'Client': 'user', 'Process': 'python3', 'PID': '115304', 'Size': {'val': 0, 'unit': 'k'}}, {'Client': 'user', 'Process': 'python3', 'PID': '115287', 'Size': {'val': 0, 'unit': 'k'}}, {'Client': 'user', 'Process': 'python3', 'PID': '115275', 'Size': {'val': 0, 'unit': 'k'}}, {'Client': 'user', 'Process': 'python3', 'PID': '113871', 'Size': {'val': 0, 'unit': 'k'}}, {'Client': 'user', 'Process': 'python3', 'PID': '113863', 'Size': {'val': 482796, 'unit': 'k'}}, {'Client': 'user', 'Process': 'gnome-shell', 'PID': '2116', 'Size': {'val': 5384, 'unit': 'k'}}, {'Client': 'user', 'Process': 'Xorg', 'PID': '1862', 'Size': {'val': 18140, 'unit': 'k'}}, {'Client': 'user', 'Process': 'nvargus-daemon', 'PID': '1186', 'Size': {'val': 0, 'unit': 'k'}}]]",16.36019539833069
3129808,7512676,k,"{'nblock': 143, 'size': 4, 'unit': 'M'}",609048,"[['Client', 'Process', 'PID', 'Size'], [{'Client': 'user', 'Process': 'python3', 'PID': '115321', 'Size': {'val': 0, 'unit': 'k'}}, {'Client': 'user', 'Process': 'python3', 'PID': '115304', 'Size': {'val': 0, 'unit': 'k'}}, {'Client': 'user', 'Process': 'python3', 'PID': '115287', 'Size': {'val': 0, 'unit': 'k'}}, {'Client': 'user', 'Process': 'python3', 'PID': '115275', 'Size': {'val': 0, 'unit': 'k'}}, {'Client': 'user', 'Process': 'python3', 'PID': '113871', 'Size': {'val': 0, 'unit': 'k'}}, {'Client': 'user', 'Process': 'python3', 'PID': '113863', 'Size': {'val': 583476, 'unit': 'k'}}, {'Client': 'user', 'Process': 'gnome-shell', 'PID': '2116', 'Size': {'val': 5384, 'unit': 'k'}}, {'Client': 'user', 'Process': 'Xorg', 'PID': '1862', 'Size': {'val': 18140, 'unit': 'k'}}, {'Client': 'user', 'Process': 'nvargus-daemon', 'PID': '1186', 'Size': {'val': 0, 'unit': 'k'}}]]",18.78575372695923
3345920,7512676,k,"{'nblock': 143, 'size': 4, 'unit': 'M'}",687256,"[['Client', 'Process', 'PID', 'Size'], [{'Client': 'user', 'Process': 'python3', 'PID': '115321', 'Size': {'val': 0, 'unit': 'k'}}, {'Client': 'user', 'Process': 'python3', 'PID': '115304', 'Size': {'val': 0, 'unit': 'k'}}, {'Client': 'user', 'Process': 'python3', 'PID': '115287', 'Size': {'val': 0, 'unit': 'k'}}, {'Client': 'user', 'Process': 'python3', 'PID': '115275', 'Size': {'val': 0, 'unit': 'k'}}, {'Client': 'user', 'Process': 'python3', 'PID': '113871', 'Size': {'val': 0, 'unit': 'k'}}, {'Client': 'user', 'Process': 'python3', 'PID': '113863', 'Size': {'val': 663732, 'unit': 'k'}}, {'Client': 'user', 'Process': 'gnome-shell', 'PID': '2116', 'Size': {'val': 5384, 'unit': 'k'}}, {'Client': 'user', 'Process': 'Xorg', 'PID': '1862', 'Size': {'val': 18140, 'unit': 'k'}}, {'Client': 'user', 'Process': 'nvargus-daemon', 'PID': '1186', 'Size': {'val': 0, 'unit': 'k'}}]]",20.493624210357666
3459424,7512676,k,"{'nblock': 143, 'size': 4, 'unit': 'M'}",742680,"[['Client', 'Process', 'PID', 'Size'], [{'Client': 'user', 'Process': 'python3', 'PID': '115321', 'Size': {'val': 0, 'unit': 'k'}}, {'Client': 'user', 'Process': 'python3', 'PID': '115304', 'Size': {'val': 0, 'unit': 'k'}}, {'Client': 'user', 'Process': 'python3', 'PID': '115287', 'Size': {'val': 0, 'unit': 'k'}}, {'Client': 'user', 'Process': 'python3', 'PID': '115275', 'Size': {'val': 0, 'unit': 'k'}}, {'Client': 'user', 'Process': 'python3', 'PID': '113871', 'Size': {'val': 0, 'unit': 'k'}}, {'Client': 'user', 'Process': 'python3', 'PID': '113863', 'Size': {'val': 719156, 'unit': 'k'}}, {'Client': 'user', 'Process': 'gnome-shell', 'PID': '2116', 'Size': {'val': 5384, 'unit': 'k'}}, {'Client': 'user', 'Process': 'Xorg', 'PID': '1862', 'Size': {'val': 18140, 'unit': 'k'}}, {'Client': 'user', 'Process': 'nvargus-daemon', 'PID': '1186', 'Size': {'val': 0, 'unit': 'k'}}]]",22.13359546661377
3552572,7512676,k,"{'nblock': 138, 'size': 4, 'unit': 'M'}",804440,"[['Client', 'Process', 'PID', 'Size'], [{'Client': 'user', 'Process': 'python3', 'PID': '115321', 'Size': {'val': 0, 'unit': 'k'}}, {'Client': 'user', 'Process': 'python3', 'PID': '115304', 'Size': {'val': 0, 'unit': 'k'}}, {'Client': 'user', 'Process': 'python3', 'PID': '115287', 'Size': {'val': 0, 'unit': 'k'}}, {'Client': 'user', 'Process': 'python3', 'PID': '115275', 'Size': {'val': 0, 'unit': 'k'}}, {'Client': 'user', 'Process': 'python3', 'PID': '113871', 'Size': {'val': 0, 'unit': 'k'}}, {'Client': 'user', 'Process': 'python3', 'PID': '113863', 'Size': {'val': 780916, 'unit': 'k'}}, {'Client': 'user', 'Process': 'gnome-shell', 'PID': '2116', 'Size': {'val': 5384, 'unit': 'k'}}, {'Client': 'user', 'Process': 'Xorg', 'PID': '1862', 'Size': {'val': 18140, 'unit': 'k'}}, {'Client': 'user', 'Process': 'nvargus-daemon', 'PID': '1186', 'Size': {'val': 0, 'unit': 'k'}}]]",23.615352392196655
3667460,7512676,k,"{'nblock': 118, 'size': 4, 'unit': 'M'}",886616,"[['Client', 'Process', 'PID', 'Size'], [{'Client': 'user', 'Process': 'python3', 'PID': '115321', 'Size': {'val': 0, 'unit': 'k'}}, {'Client': 'user', 'Process': 'python3', 'PID': '115304', 'Size': {'val': 0, 'unit': 'k'}}, {'Client': 'user', 'Process': 'python3', 'PID': '115287', 'Size': {'val': 0, 'unit': 'k'}}, {'Client': 'user', 'Process': 'python3', 'PID': '115275', 'Size': {'val': 0, 'unit': 'k'}}, {'Client': 'user', 'Process': 'python3', 'PID': '113871', 'Size': {'val': 0, 'unit': 'k'}}, {'Client': 'user', 'Process': 'python3', 'PID': '113863', 'Size': {'val': 863092, 'unit': 'k'}}, {'Client': 'user', 'Process': 'gnome-shell', 'PID': '2116', 'Size': {'val': 5384, 'unit': 'k'}}, {'Client': 'user', 'Process': 'Xorg', 'PID': '1862', 'Size': {'val': 18140, 'unit': 'k'}}, {'Client': 'user', 'Process': 'nvargus-daemon', 'PID': '1186', 'Size': {'val': 0, 'unit': 'k'}}]]",25.028162717819214
3746348,7512676,k,"{'nblock': 113, 'size': 4, 'unit': 'M'}",937944,"[['Client', 'Process', 'PID', 'Size'], [{'Client': 'user', 'Process': 'python3', 'PID': '115321', 'Size': {'val': 0, 'unit': 'k'}}, {'Client': 'user', 'Process': 'python3', 'PID': '115304', 'Size': {'val': 0, 'unit': 'k'}}, {'Client': 'user', 'Process': 'python3', 'PID': '115287', 'Size': {'val': 0, 'unit': 'k'}}, {'Client': 'user', 'Process': 'python3', 'PID': '115275', 'Size': {'val': 0, 'unit': 'k'}}, {'Client': 'user', 'Process': 'python3', 'PID': '113871', 'Size': {'val': 0, 'unit': 'k'}}, {'Client': 'user', 'Process': 'python3', 'PID': '113863', 'Size': {'val': 914420, 'unit': 'k'}}, {'Client': 'user', 'Process': 'gnome-shell', 'PID': '2116', 'Size': {'val': 5384, 'unit': 'k'}}, {'Client': 'user', 'Process': 'Xorg', 'PID': '1862', 'Size': {'val': 18140, 'unit': 'k'}}, {'Client': 'user', 'Process': 'nvargus-daemon', 'PID': '1186', 'Size': {'val': 0, 'unit': 'k'}}]]",26.675462007522583
3854648,7512676,k,"{'nblock': 112, 'size': 4, 'unit': 'M'}",981272,"[['Client', 'Process', 'PID', 'Size'], [{'Client': 'user', 'Process': 'python3', 'PID': '115321', 'Size': {'val': 0, 'unit': 'k'}}, {'Client': 'user', 'Process': 'python3', 'PID': '115304', 'Size': {'val': 0, 'unit': 'k'}}, {'Client': 'user', 'Process': 'python3', 'PID': '115287', 'Size': {'val': 0, 'unit': 'k'}}, {'Client': 'user', 'Process': 'python3', 'PID': '115275', 'Size': {'val': 0, 'unit': 'k'}}, {'Client': 'user', 'Process': 'python3', 'PID': '113871', 'Size': {'val': 0, 'unit': 'k'}}, {'Client': 'user', 'Process': 'python3', 'PID': '113863', 'Size': {'val': 957748, 'unit': 'k'}}, {'Client': 'user', 'Process': 'gnome-shell', 'PID': '2116', 'Size': {'val': 5384, 'unit': 'k'}}, {'Client': 'user', 'Process': 'Xorg', 'PID': '1862', 'Size': {'val': 18140, 'unit': 'k'}}, {'Client': 'user', 'Process': 'nvargus-daemon', 'PID': '1186', 'Size': {'val': 0, 'unit': 'k'}}]]",28.30382513999939
4038340,7512676,k,"{'nblock': 91, 'size': 4, 'unit': 'M'}",1049368,"[['Client', 'Process', 'PID', 'Size'], [{'Client': 'user', 'Process': 'python3', 'PID': '115321', 'Size': {'val': 0, 'unit': 'k'}}, {'Client': 'user', 'Process': 'python3', 'PID': '115304', 'Size': {'val': 0, 'unit': 'k'}}, {'Client': 'user', 'Process': 'python3', 'PID': '115287', 'Size': {'val': 0, 'unit': 'k'}}, {'Client': 'user', 'Process': 'python3', 'PID': '115275', 'Size': {'val': 0, 'unit': 'k'}}, {'Client': 'user', 'Process': 'python3', 'PID': '113871', 'Size': {'val': 0, 'unit': 'k'}}, {'Client': 'user', 'Process': 'python3', 'PID': '113863', 'Size': {'val': 1025844, 'unit': 'k'}}, {'Client': 'user', 'Process': 'gnome-shell', 'PID': '2116', 'Size': {'val': 5384, 'unit': 'k'}}, {'Client': 'user', 'Process': 'Xorg', 'PID': '1862', 'Size': {'val': 18140, 'unit': 'k'}}, {'Client': 'user', 'Process': 'nvargus-daemon', 'PID': '1186', 'Size': {'val': 0, 'unit': 'k'}}]]",29.828194856643677
4195448,7512676,k,"{'nblock': 79, 'size': 4, 'unit': 'M'}",1119576,"[['Client', 'Process', 'PID', 'Size'], [{'Client': 'user', 'Process': 'python3', 'PID': '115321', 'Size': {'val': 0, 'unit': 'k'}}, {'Client': 'user', 'Process': 'python3', 'PID': '115304', 'Size': {'val': 0, 'unit': 'k'}}, {'Client': 'user', 'Process': 'python3', 'PID': '115287', 'Size': {'val': 0, 'unit': 'k'}}, {'Client': 'user', 'Process': 'python3', 'PID': '115275', 'Size': {'val': 0, 'unit': 'k'}}, {'Client': 'user', 'Process': 'python3', 'PID': '113871', 'Size': {'val': 0, 'unit': 'k'}}, {'Client': 'user', 'Process': 'python3', 'PID': '113863', 'Size': {'val': 1096052, 'unit': 'k'}}, {'Client': 'user', 'Process': 'gnome-shell', 'PID': '2116', 'Size': {'val': 5384, 'unit': 'k'}}, {'Client': 'user', 'Process': 'Xorg', 'PID': '1862', 'Size': {'val': 18140, 'unit': 'k'}}, {'Client': 'user', 'Process': 'nvargus-daemon', 'PID': '1186', 'Size': {'val': 0, 'unit': 'k'}}]]",31.471022605895996
4359836,7512676,k,"{'nblock': 75, 'size': 4, 'unit': 'M'}",1223192,"[['Client', 'Process', 'PID', 'Size'], [{'Client': 'user', 'Process': 'python3', 'PID': '115321', 'Size': {'val': 0, 'unit': 'k'}}, {'Client': 'user', 'Process': 'python3', 'PID': '115304', 'Size': {'val': 0, 'unit': 'k'}}, {'Client': 'user', 'Process': 'python3', 'PID': '115287', 'Size': {'val': 0, 'unit': 'k'}}, {'Client': 'user', 'Process': 'python3', 'PID': '115275', 'Size': {'val': 0, 'unit': 'k'}}, {'Client': 'user', 'Process': 'python3', 'PID': '113871', 'Size': {'val': 0, 'unit': 'k'}}, {'Client': 'user', 'Process': 'python3', 'PID': '113863', 'Size': {'val': 1199668, 'unit': 'k'}}, {'Client': 'user', 'Process': 'gnome-shell', 'PID': '2116', 'Size': {'val': 5384, 'unit': 'k'}}, {'Client': 'user', 'Process': 'Xorg', 'PID': '1862', 'Size': {'val': 18140, 'unit': 'k'}}, {'Client': 'user', 'Process': 'nvargus-daemon', 'PID': '1186', 'Size': {'val': 0, 'unit': 'k'}}]]",32.942447900772095
4678912,7512676,k,"{'nblock': 71, 'size': 4, 'unit': 'M'}",1481504,"[['Client', 'Process', 'PID', 'Size'], [{'Client': 'user', 'Process': 'python3', 'PID': '115321', 'Size': {'val': 0, 'unit': 'k'}}, {'Client': 'user', 'Process': 'python3', 'PID': '115304', 'Size': {'val': 0, 'unit': 'k'}}, {'Client': 'user', 'Process': 'python3', 'PID': '115287', 'Size': {'val': 0, 'unit': 'k'}}, {'Client': 'user', 'Process': 'python3', 'PID': '115275', 'Size': {'val': 0, 'unit': 'k'}}, {'Client': 'user', 'Process': 'python3', 'PID': '113871', 'Size': {'val': 0, 'unit': 'k'}}, {'Client': 'user', 'Process': 'python3', 'PID': '113863', 'Size': {'val': 1457980, 'unit': 'k'}}, {'Client': 'user', 'Process': 'gnome-shell', 'PID': '2116', 'Size': {'val': 5384, 'unit': 'k'}}, {'Client': 'user', 'Process': 'Xorg', 'PID': '1862', 'Size': {'val': 18140, 'unit': 'k'}}, {'Client': 'user', 'Process': 'nvargus-daemon', 'PID': '1186', 'Size': {'val': 0, 'unit': 'k'}}]]",34.40642952919006
4823940,7512676,k,"{'nblock': 66, 'size': 4, 'unit': 'M'}",1585952,"[['Client', 'Process', 'PID', 'Size'], [{'Client': 'user', 'Process': 'python3', 'PID': '115321', 'Size': {'val': 0, 'unit': 'k'}}, {'Client': 'user', 'Process': 'python3', 'PID': '115304', 'Size': {'val': 0, 'unit': 'k'}}, {'Client': 'user', 'Process': 'python3', 'PID': '115287', 'Size': {'val': 0, 'unit': 'k'}}, {'Client': 'user', 'Process': 'python3', 'PID': '115275', 'Size': {'val': 0, 'unit': 'k'}}, {'Client': 'user', 'Process': 'python3', 'PID': '113871', 'Size': {'val': 0, 'unit': 'k'}}, {'Client': 'user', 'Process': 'python3', 'PID': '113863', 'Size': {'val': 1560380, 'unit': 'k'}}, {'Client': 'user', 'Process': 'gnome-shell', 'PID': '2116', 'Size': {'val': 5384, 'unit': 'k'}}, {'Client': 'user', 'Process': 'Xorg', 'PID': '1862', 'Size': {'val': 18140, 'unit': 'k'}}, {'Client': 'user', 'Process': 'nvargus-daemon', 'PID': '1186', 'Size': {'val': 0, 'unit': 'k'}}]]",35.885613441467285
4921380,7512676,k,"{'nblock': 58, 'size': 4, 'unit': 'M'}",1647392,"[['Client', 'Process', 'PID', 'Size'], [{'Client': 'user', 'Process': 'python3', 'PID': '115321', 'Size': {'val': 0, 'unit': 'k'}}, {'Client': 'user', 'Process': 'python3', 'PID': '115304', 'Size': {'val': 0, 'unit': 'k'}}, {'Client': 'user', 'Process': 'python3', 'PID': '115287', 'Size': {'val': 0, 'unit': 'k'}}, {'Client': 'user', 'Process': 'python3', 'PID': '115275', 'Size': {'val': 0, 'unit': 'k'}}, {'Client': 'user', 'Process': 'python3', 'PID': '113871', 'Size': {'val': 0, 'unit': 'k'}}, {'Client': 'user', 'Process': 'python3', 'PID': '113863', 'Size': {'val': 1623868, 'unit': 'k'}}, {'Client': 'user', 'Process': 'gnome-shell', 'PID': '2116', 'Size': {'val': 5384, 'unit': 'k'}}, {'Client': 'user', 'Process': 'Xorg', 'PID': '1862', 'Size': {'val': 18140, 'unit': 'k'}}, {'Client': 'user', 'Process': 'nvargus-daemon', 'PID': '1186', 'Size': {'val': 0, 'unit': 'k'}}]]",37.509236097335815
5142716,7512676,k,"{'nblock': 7, 'size': 4, 'unit': 'M'}",1846048,"[['Client', 'Process', 'PID', 'Size'], [{'Client': 'user', 'Process': 'python3', 'PID': '115321', 'Size': {'val': 0, 'unit': 'k'}}, {'Client': 'user', 'Process': 'python3', 'PID': '115304', 'Size': {'val': 0, 'unit': 'k'}}, {'Client': 'user', 'Process': 'python3', 'PID': '115287', 'Size': {'val': 0, 'unit': 'k'}}, {'Client': 'user', 'Process': 'python3', 'PID': '115275', 'Size': {'val': 0, 'unit': 'k'}}, {'Client': 'user', 'Process': 'python3', 'PID': '113871', 'Size': {'val': 0, 'unit': 'k'}}, {'Client': 'user', 'Process': 'python3', 'PID': '113863', 'Size': {'val': 1822524, 'unit': 'k'}}, {'Client': 'user', 'Process': 'gnome-shell', 'PID': '2116', 'Size': {'val': 5384, 'unit': 'k'}}, {'Client': 'user', 'Process': 'Xorg', 'PID': '1862', 'Size': {'val': 18140, 'unit': 'k'}}, {'Client': 'user', 'Process': 'nvargus-daemon', 'PID': '1186', 'Size': {'val': 0, 'unit': 'k'}}]]",39.408432722091675
5134452,7512676,k,"{'nblock': 7, 'size': 4, 'unit': 'M'}",1846048,"[['Client', 'Process', 'PID', 'Size'], [{'Client': 'user', 'Process': 'python3', 'PID': '115321', 'Size': {'val': 0, 'unit': 'k'}}, {'Client': 'user', 'Process': 'python3', 'PID': '115304', 'Size': {'val': 0, 'unit': 'k'}}, {'Client': 'user', 'Process': 'python3', 'PID': '115287', 'Size': {'val': 0, 'unit': 'k'}}, {'Client': 'user', 'Process': 'python3', 'PID': '115275', 'Size': {'val': 0, 'unit': 'k'}}, {'Client': 'user', 'Process': 'python3', 'PID': '113871', 'Size': {'val': 0, 'unit': 'k'}}, {'Client': 'user', 'Process': 'python3', 'PID': '113863', 'Size': {'val': 1822524, 'unit': 'k'}}, {'Client': 'user', 'Process': 'gnome-shell', 'PID': '2116', 'Size': {'val': 5384, 'unit': 'k'}}, {'Client': 'user', 'Process': 'Xorg', 'PID': '1862', 'Size': {'val': 18140, 'unit': 'k'}}, {'Client': 'user', 'Process': 'nvargus-daemon', 'PID': '1186', 'Size': {'val': 0, 'unit': 'k'}}]]",41.220481872558594
5135380,7512676,k,"{'nblock': 7, 'size': 4, 'unit': 'M'}",1846048,"[['Client', 'Process', 'PID', 'Size'], [{'Client': 'user', 'Process': 'python3', 'PID': '115321', 'Size': {'val': 0, 'unit': 'k'}}, {'Client': 'user', 'Process': 'python3', 'PID': '115304', 'Size': {'val': 0, 'unit': 'k'}}, {'Client': 'user', 'Process': 'python3', 'PID': '115287', 'Size': {'val': 0, 'unit': 'k'}}, {'Client': 'user', 'Process': 'python3', 'PID': '115275', 'Size': {'val': 0, 'unit': 'k'}}, {'Client': 'user', 'Process': 'python3', 'PID': '113871', 'Size': {'val': 0, 'unit': 'k'}}, {'Client': 'user', 'Process': 'python3', 'PID': '113863', 'Size': {'val': 1822524, 'unit': 'k'}}, {'Client': 'user', 'Process': 'gnome-shell', 'PID': '2116', 'Size': {'val': 5384, 'unit': 'k'}}, {'Client': 'user', 'Process': 'Xorg', 'PID': '1862', 'Size': {'val': 18140, 'unit': 'k'}}, {'Client': 'user', 'Process': 'nvargus-daemon', 'PID': '1186', 'Size': {'val': 0, 'unit': 'k'}}]]",43.145562171936035
5150040,7512676,k,"{'nblock': 5, 'size': 4, 'unit': 'M'}",1846048,"[['Client', 'Process', 'PID', 'Size'], [{'Client': 'user', 'Process': 'python3', 'PID': '115321', 'Size': {'val': 0, 'unit': 'k'}}, {'Client': 'user', 'Process': 'python3', 'PID': '115304', 'Size': {'val': 0, 'unit': 'k'}}, {'Client': 'user', 'Process': 'python3', 'PID': '115287', 'Size': {'val': 0, 'unit': 'k'}}, {'Client': 'user', 'Process': 'python3', 'PID': '115275', 'Size': {'val': 0, 'unit': 'k'}}, {'Client': 'user', 'Process': 'python3', 'PID': '113871', 'Size': {'val': 0, 'unit': 'k'}}, {'Client': 'user', 'Process': 'python3', 'PID': '113863', 'Size': {'val': 1822524, 'unit': 'k'}}, {'Client': 'user', 'Process': 'gnome-shell', 'PID': '2116', 'Size': {'val': 5384, 'unit': 'k'}}, {'Client': 'user', 'Process': 'Xorg', 'PID': '1862', 'Size': {'val': 18140, 'unit': 'k'}}, {'Client': 'user', 'Process': 'nvargus-daemon', 'PID': '1186', 'Size': {'val': 0, 'unit': 'k'}}]]",45.428617000579834
5150600,7512676,k,"{'nblock': 5, 'size': 4, 'unit': 'M'}",1846048,"[['Client', 'Process', 'PID', 'Size'], [{'Client': 'user', 'Process': 'python3', 'PID': '115321', 'Size': {'val': 0, 'unit': 'k'}}, {'Client': 'user', 'Process': 'python3', 'PID': '115304', 'Size': {'val': 0, 'unit': 'k'}}, {'Client': 'user', 'Process': 'python3', 'PID': '115287', 'Size': {'val': 0, 'unit': 'k'}}, {'Client': 'user', 'Process': 'python3', 'PID': '115275', 'Size': {'val': 0, 'unit': 'k'}}, {'Client': 'user', 'Process': 'python3', 'PID': '113871', 'Size': {'val': 0, 'unit': 'k'}}, {'Client': 'user', 'Process': 'python3', 'PID': '113863', 'Size': {'val': 1822524, 'unit': 'k'}}, {'Client': 'user', 'Process': 'gnome-shell', 'PID': '2116', 'Size': {'val': 5384, 'unit': 'k'}}, {'Client': 'user', 'Process': 'Xorg', 'PID': '1862', 'Size': {'val': 18140, 'unit': 'k'}}, {'Client': 'user', 'Process': 'nvargus-daemon', 'PID': '1186', 'Size': {'val': 0, 'unit': 'k'}}]]",47.75409650802612
5151972,7512676,k,"{'nblock': 5, 'size': 4, 'unit': 'M'}",1846048,"[['Client', 'Process', 'PID', 'Size'], [{'Client': 'user', 'Process': 'python3', 'PID': '115321', 'Size': {'val': 0, 'unit': 'k'}}, {'Client': 'user', 'Process': 'python3', 'PID': '115304', 'Size': {'val': 0, 'unit': 'k'}}, {'Client': 'user', 'Process': 'python3', 'PID': '115287', 'Size': {'val': 0, 'unit': 'k'}}, {'Client': 'user', 'Process': 'python3', 'PID': '115275', 'Size': {'val': 0, 'unit': 'k'}}, {'Client': 'user', 'Process': 'python3', 'PID': '113871', 'Size': {'val': 0, 'unit': 'k'}}, {'Client': 'user', 'Process': 'python3', 'PID': '113863', 'Size': {'val': 1822524, 'unit': 'k'}}, {'Client': 'user', 'Process': 'gnome-shell', 'PID': '2116', 'Size': {'val': 5384, 'unit': 'k'}}, {'Client': 'user', 'Process': 'Xorg', 'PID': '1862', 'Size': {'val': 18140, 'unit': 'k'}}, {'Client': 'user', 'Process': 'nvargus-daemon', 'PID': '1186', 'Size': {'val': 0, 'unit': 'k'}}]]",49.99465274810791
5160340,7512676,k,"{'nblock': 5, 'size': 4, 'unit': 'M'}",1846048,"[['Client', 'Process', 'PID', 'Size'], [{'Client': 'user', 'Process': 'python3', 'PID': '115321', 'Size': {'val': 0, 'unit': 'k'}}, {'Client': 'user', 'Process': 'python3', 'PID': '115304', 'Size': {'val': 0, 'unit': 'k'}}, {'Client': 'user', 'Process': 'python3', 'PID': '115287', 'Size': {'val': 0, 'unit': 'k'}}, {'Client': 'user', 'Process': 'python3', 'PID': '115275', 'Size': {'val': 0, 'unit': 'k'}}, {'Client': 'user', 'Process': 'python3', 'PID': '113871', 'Size': {'val': 0, 'unit': 'k'}}, {'Client': 'user', 'Process': 'python3', 'PID': '113863', 'Size': {'val': 1822524, 'unit': 'k'}}, {'Client': 'user', 'Process': 'gnome-shell', 'PID': '2116', 'Size': {'val': 5384, 'unit': 'k'}}, {'Client': 'user', 'Process': 'Xorg', 'PID': '1862', 'Size': {'val': 18140, 'unit': 'k'}}, {'Client': 'user', 'Process': 'nvargus-daemon', 'PID': '1186', 'Size': {'val': 0, 'unit': 'k'}}]]",52.145307302474976
5154784,7512676,k,"{'nblock': 5, 'size': 4, 'unit': 'M'}",1846048,"[['Client', 'Process', 'PID', 'Size'], [{'Client': 'user', 'Process': 'python3', 'PID': '115321', 'Size': {'val': 0, 'unit': 'k'}}, {'Client': 'user', 'Process': 'python3', 'PID': '115304', 'Size': {'val': 0, 'unit': 'k'}}, {'Client': 'user', 'Process': 'python3', 'PID': '115287', 'Size': {'val': 0, 'unit': 'k'}}, {'Client': 'user', 'Process': 'python3', 'PID': '115275', 'Size': {'val': 0, 'unit': 'k'}}, {'Client': 'user', 'Process': 'python3', 'PID': '113871', 'Size': {'val': 0, 'unit': 'k'}}, {'Client': 'user', 'Process': 'python3', 'PID': '113863', 'Size': {'val': 1822524, 'unit': 'k'}}, {'Client': 'user', 'Process': 'gnome-shell', 'PID': '2116', 'Size': {'val': 5384, 'unit': 'k'}}, {'Client': 'user', 'Process': 'Xorg', 'PID': '1862', 'Size': {'val': 18140, 'unit': 'k'}}, {'Client': 'user', 'Process': 'nvargus-daemon', 'PID': '1186', 'Size': {'val': 0, 'unit': 'k'}}]]",53.991904497146606
5166652,7512676,k,"{'nblock': 5, 'size': 4, 'unit': 'M'}",1846048,"[['Client', 'Process', 'PID', 'Size'], [{'Client': 'user', 'Process': 'python3', 'PID': '115321', 'Size': {'val': 0, 'unit': 'k'}}, {'Client': 'user', 'Process': 'python3', 'PID': '115304', 'Size': {'val': 0, 'unit': 'k'}}, {'Client': 'user', 'Process': 'python3', 'PID': '115287', 'Size': {'val': 0, 'unit': 'k'}}, {'Client': 'user', 'Process': 'python3', 'PID': '115275', 'Size': {'val': 0, 'unit': 'k'}}, {'Client': 'user', 'Process': 'python3', 'PID': '113871', 'Size': {'val': 0, 'unit': 'k'}}, {'Client': 'user', 'Process': 'python3', 'PID': '113863', 'Size': {'val': 1822524, 'unit': 'k'}}, {'Client': 'user', 'Process': 'gnome-shell', 'PID': '2116', 'Size': {'val': 5384, 'unit': 'k'}}, {'Client': 'user', 'Process': 'Xorg', 'PID': '1862', 'Size': {'val': 18140, 'unit': 'k'}}, {'Client': 'user', 'Process': 'nvargus-daemon', 'PID': '1186', 'Size': {'val': 0, 'unit': 'k'}}]]",56.05460000038147
5161764,7512676,k,"{'nblock': 5, 'size': 4, 'unit': 'M'}",1846048,"[['Client', 'Process', 'PID', 'Size'], [{'Client': 'user', 'Process': 'python3', 'PID': '115321', 'Size': {'val': 0, 'unit': 'k'}}, {'Client': 'user', 'Process': 'python3', 'PID': '115304', 'Size': {'val': 0, 'unit': 'k'}}, {'Client': 'user', 'Process': 'python3', 'PID': '115287', 'Size': {'val': 0, 'unit': 'k'}}, {'Client': 'user', 'Process': 'python3', 'PID': '115275', 'Size': {'val': 0, 'unit': 'k'}}, {'Client': 'user', 'Process': 'python3', 'PID': '113871', 'Size': {'val': 0, 'unit': 'k'}}, {'Client': 'user', 'Process': 'python3', 'PID': '113863', 'Size': {'val': 1822524, 'unit': 'k'}}, {'Client': 'user', 'Process': 'gnome-shell', 'PID': '2116', 'Size': {'val': 5384, 'unit': 'k'}}, {'Client': 'user', 'Process': 'Xorg', 'PID': '1862', 'Size': {'val': 18140, 'unit': 'k'}}, {'Client': 'user', 'Process': 'nvargus-daemon', 'PID': '1186', 'Size': {'val': 0, 'unit': 'k'}}]]",57.91847801208496
5160436,7512676,k,"{'nblock': 5, 'size': 4, 'unit': 'M'}",1846048,"[['Client', 'Process', 'PID', 'Size'], [{'Client': 'user', 'Process': 'python3', 'PID': '115321', 'Size': {'val': 0, 'unit': 'k'}}, {'Client': 'user', 'Process': 'python3', 'PID': '115304', 'Size': {'val': 0, 'unit': 'k'}}, {'Client': 'user', 'Process': 'python3', 'PID': '115287', 'Size': {'val': 0, 'unit': 'k'}}, {'Client': 'user', 'Process': 'python3', 'PID': '115275', 'Size': {'val': 0, 'unit': 'k'}}, {'Client': 'user', 'Process': 'python3', 'PID': '113871', 'Size': {'val': 0, 'unit': 'k'}}, {'Client': 'user', 'Process': 'python3', 'PID': '113863', 'Size': {'val': 1822524, 'unit': 'k'}}, {'Client': 'user', 'Process': 'gnome-shell', 'PID': '2116', 'Size': {'val': 5384, 'unit': 'k'}}, {'Client': 'user', 'Process': 'Xorg', 'PID': '1862', 'Size': {'val': 18140, 'unit': 'k'}}, {'Client': 'user', 'Process': 'nvargus-daemon', 'PID': '1186', 'Size': {'val': 0, 'unit': 'k'}}]]",59.944876194000244
